$ANSIBLE_VAULT;1.1;AES256
37313931616438613838393439333761633733346361643139376663653631393433396263363635
3532303336623136663535663464313637373532663964370a326464313564386631316163313034
31336330323861313565393430366131373139363531306633656139343637326637383262393131
6434383134616133610a656363353433386463363332363964666331303639383863646232636539
64376464636439333236356661313663386161343864623733343838313830626263663031663864
31333933323037623734303337313562393539663134363665373230656265343337346165336530
66633161383663333064303636656637373965613238396134666534363664626535666437636564
63313932343436353465316137623539633436643931353961313230343038383738376436303232
32643432633463336561643836323061353431373336336131623138633233366234336131393830
37653764363462393366623365336632373138366637366537303563633565633932636162646338
66623937336664356636316232613463393163346337396533623463383338393864323239303934
61313031303730373733333962333838643766316637613830616566613735376430643061306339
30343031326662306465336134663763616437383835333066373864366662633238663236663432
37663162373837356138356334643466306361306364326631633130343966353537646563646234
65336662333032666534343761653939373233336132663364376266383362326337666336363139
34373030376630303836613735306431613538346462303265343766613031373637663530313933
35386463373366383362386361313762366132656130663766666365373965633461623861633463
31646465323533396137326336656532333734623464363633613432656535636261383264353838
34353833623031353333363161653233333234643862626639356362313638636166353839626135
39336466363135326136623434643164653638353365653439333235666232316630336664616332
35386130653763323332633433636339363366303536303538353637613062613532663462356233
34323535633732343336613638666563316336326138316662666234393662386138666233613534
62383165623830336362316635346330613234363837616237363935626233643461316536666632
32336235383332376166616165353938356361313633333931343961396462323634323136353363
66616132326535636339346131366336346536616166363263343765316438343265316262316534
37343861643962303631633661306335613231386365626464653530623535323038386431353133
30393061393032323539396539366238633136313538376534363565623633653935663035343566
33646139313434643037643237366161333439353732336432663336386563353432356239363935
64306634393861346339343337386433666536306263333432306439373833616264633734623432
64636338656663633862363364616530356136323939663538653163643036336634653036656536
31646238346139393134616237393235383366376465383863326261343438653534363730366565
66343165306337393465666133656265396164383130666139643564633261346565616563326461
35626538666237363463376134663635613337363830373633636263663262316336393339343233
61326533353136363637353961326332396332316662386163316165306265613064313237306630
65316261613032383231646631343232323938636533373432346134613261366130633734316331
35633463333631333339323932656131303433383234643832336431643436363135633564346138
65316563363034323562663937623934393236666333383166313332666336326435336536333136
63386436306632326436666637333666333631393531333130613330623062353630343137613437
35633637663432636436366238366336313533353633343863353032333636303535366563633634
61323036313437333264656433616631343934373563613335306530306464343932333839333365
38613666376263653764633130373037646534616664666365333563313664396365623762646137
63303739626439356335666434313934373830346434656662646135336663336438363161656466
38636435333763336363316262333263373631373531313162633362373566326166663432313065
32373737376136316232663836303266333134353561653762653138313235356161396530633164
65343465336534303434396664346332373039656133313536373461353661346264313638313434
62353930326135333239366132376439383930306632656161643839303161383166393030663536
30386361373266646530666133313065656231666437353336353533313136636539373631346562
64343537643739613535636138343964356636373431396139343730653430623966393733626434
64393139653161303932636539363033353534383137353637366234316662386439393630356664
66626465616138376234343039323438633131613338316637663233316263663835643238393637
36323135333738336162376264373534323633353735613939333433623166303265623436663638
62376332636466613562666162383734316239656138643965636235643533636531356438353261
64323662666633343939316336356438363437633462653236663632353633616364653133383332
63366532656132356466366164613565306332393733316230343233646535656439363836323330
35353037393031333962353535306130326630633730383166343930653131636632346536316434
32323266376361393864616232646536663033363834613866653538613163383131623862356463
37326437373333353164623434613361363965643837393538613938316266646464613038333232
30333463653266336336646436316635646338383665633838623565643139363131633265393039
34363962313663626336393564356635653031633339323966386131353439663331313037643361
32643636643662306664316234356462343933623236656663303537653635363932313138363232
32373433626663336334336335653564366463333734343364383066393131646131313364366563
66383039396132313330666233316435663466623433313637663864343761396638333463616463
39343366393636343063333034323030646630353464303733346337316430363563376463363163
33333438343265323766636638646233326463646363326337306634663835356534356539393738
33643463313465336138303434303934383262663964343664303466623832373766376439663930
61376239366265393238366462303866323239663437613335316434303862656236373166303166
39633066353130393233653861656261623133613332383038613764626264373933306564333032
65633032333036306634663535663863643930323631376337373766636433343934306339666166
66636137306236383835323162326432613666333036663463313134646139353833313261653035
63623931623638663665373337626534663737363236353064386338616131643035653637303963
31616330646536656465316363393135363435643430653065373931356334386162356432336235
64336639383164353839663862323038643066326463393538636636626230313939643933623261
66653466636637626435356362656666313663313762306534353237386263323136366332376630
37313939376437373939376632663933393534323335393065363732616433353866393466333034
62613266633865643662613139323866316239383530626236396135333039386163373734393162
36616630356131313831616430333235393339663031666166343031623637663365613837653363
38373163306237393532356135303665393432333735313433393065633737663761393137323639
32316333653837663761393462636233366437336465666564383335663238393533396432323431
63333536376331306333626435333034616235633663356434333236616366666635323266303637
62663063636534343733323833636336383530636437663737373934326631653961643763643438
61383966366534326435613065393662343533323166373461636130323231656466326265323666
35313235653839316365366165343364353463396635343063363163653237393737323465343161
64333131393766373234343230376366653562366535333630303432383031333234313938313532
36346435353639666463646632303031653863353133326365303965343131616431363030626136
62623461383837366439633161333835383161343130333732653964303763376533623835616461
66313733616366366130366663323338313337343563363762303866643431313831323434616432
61396436333735333737653631363539656139366263373163383237396431653534623439306234
37343963633631666363663234386536313939616230323866303134393135663932613233316236
61636636396539626235376465636133316664323631386631386333306132626233313132306164
39343837346266343032313135333966313336613830333562366562363531343433653261643064
35666236613330373866313136326537396631666437323964366235383433353066323133373165
62646339306664646430306563623833656238353932393530303962663430353436386230363364
63383431636362346232373063316330643037383263393833333638396164363839353961373965
38343233363630623434396532383065306130363032656134616438353565636164363434663431
32326637623366303436333431313433336539633132633961666336316631343361363761343036
63653265613339366234383939653739353234336239636166316139326635343266353638306634
61613361306237343166626532623536643732646536663930376665643237346564353364383533
6631666366646136376331303736656635383531316138623165
